      "type": "Feature",
      "properties": {},
      "geometry": {
        "type": "Polygon",
        "coordinates": [
          [
            [
              174.77673053741455,
              -36.8537673180227
            ],
            [
              174.77643013000485,
              -36.854054910987934
            ],
            [
              174.7761994600296,
              -36.85414075942457
            ],
            [
              174.77593660354614,
              -36.85414075942457
            ],
            [
              174.77562010288239,
              -36.85416651393675
            ],
            [
              174.77518558502197,
              -36.8538917986927
            ],
            [
              174.77492809295654,
              -36.85388750625918
            ],
            [
              174.77455258369446,
              -36.85364283714996
            ],
            [
              174.77388739585876,
              -36.85419656085667
            ],
            [
              174.7738766670227,
              -36.8545227837984
            ],
            [
              174.77280378341672,
              -36.85471164907568
            ],
            [
              174.77205276489258,
              -36.85457429255668
            ],
            [
              174.7708511352539,
              -36.85608520069015
            ],
            [
              174.77216005325315,
              -36.85642858473702
            ],
            [
              174.77237462997437,
              -36.85680630540675
            ],
            [
              174.77303981781006,
              -36.857956625038234
            ],
            [
              174.77327585220337,
              -36.85888373572304
            ],
            [
              174.77256774902344,
              -36.85890090433337
            ],
            [
              174.77188110351562,
              -36.85924427572986
            ],
            [
              174.77147340774533,
              -36.86097827771452
            ],
            [
              174.77093696594238,
              -36.861613496317595
            ],
            [
              174.77044343948364,
              -36.861819512027886
            ],
            [
              174.7711730003357,
              -36.86398264345305
            ],
            [
              174.77396249771118,
              -36.86456633509247
            ],
            [
              174.7770309448242,
              -36.863175768256625
            ],
            [
              174.77808237075803,
              -36.863330276932516
            ],
            [
              174.78085041046143,
              -36.86097827771452
            ],
            [
              174.77673053741455,
              -36.8537673180227
            ]
          ]
        ]
      }